Movie Report
-------------
FrameFrame #    Frame Bytes    Total Bytes    Page
------------    -----------    -----------    ---------------
    1        279911         279911        Main Scene
    2            12         279923          2
    3            12         279935          3
    4            12         279947          4
    5            12         279959          5
    6            12         279971          6
    7            12         279983          7
    8            12         279995          8
    9            12         280007          9
   10            12         280019          10
   11            12         280031          11
   12            12         280043          12
   13            12         280055          13
   14            12         280067          14
   15            12         280079          15
   16            12         280091          16
   17            12         280103          17
   18            12         280115          18
   19            12         280127          19
   20            12         280139          20
   21           436         280575          21
   22             9         280584          22
   23             9         280593          23
   24             9         280602          24
   25             9         280611          25
   26             9         280620          26
   27             9         280629          27
   28             9         280638          28
   29             9         280647          29
   30             9         280656          30
   31             9         280665          31
   32             9         280674          32
   33             9         280683          33
   34             9         280692          34
   35             9         280701          35
   36             9         280710          36
   37             9         280719          37
   38             9         280728          38
   39             9         280737          39
   40           232         280969          40
   41            20         280989          41
   42            21         281010          42
   43            21         281031          43
   44            21         281052          44
   45            22         281074          45
   46            22         281096          46
   47            22         281118          47
   48            22         281140          48
   49            22         281162          49
   50            21         281183          50
   51            21         281204          51
   52            22         281226          52
   53            22         281248          53
   54            22         281270          54
   55            21         281291          55
   56            22         281313          56
   57            22         281335          57
   58            21         281356          58
   59            22         281378          59
   60            22         281400          60
   61          5200         286600          61
   62           418         287018          62
   63           418         287436          63
   64           418         287854          64
   65           418         288272          65
   66           418         288690          66
   67           417         289107          67
   68           418         289525          68
   69           418         289943          69
   70           418         290361          70
   71           418         290779          71
   72           418         291197          72
   73           418         291615          73
   74           417         292032          74
   75           417         292449          75
   76           417         292866          76
   77           417         293283          77
   78           417         293700          78
   79           417         294117          79
   80         17084         311201          80
   81           259         311460          81
   82           260         311720          82
   83           260         311980          83
   84           261         312241          84
   85           261         312502          85
   86           261         312763          86
   87           262         313025          87
   88           262         313287          88
   89           261         313548          89
   90           261         313809          90
   91           262         314071          91
   92           262         314333          92
   93           261         314594          93
   94           262         314856          94
   95           262         315118          95
   96           262         315380          96
   97           262         315642          97
   98           262         315904          98
   99           276         316180          99
  100           282         316462          100
  101            40         316502          101
  102            40         316542          102
  103            40         316582          103
  104            42         316624          104
  105            42         316666          105
  106            40         316706          106
  107            40         316746          107
  108            42         316788          108
  109            41         316829          109
  110            41         316870          110
  111            42         316912          111
  112            40         316952          112
  113            42         316994          113
  114            40         317034          114
  115            42         317076          115
  116            41         317117          116
  117            40         317157          117
  118            42         317199          118
  119            41         317240          119
  120         43132         360372          120
  121             2         360374          121
  122          7551         367925          122
  123          2570         370495          123
  124          2777         373272          124
  125          2960         376232          125
  126          3089         379321          126
  127          3141         382462          127
  128          3168         385630          128
  129          3271         388901          129
  130          3292         392193          130
  131          3311         395504          131
  132          3303         398807          132
  133          3293         402100          133
  134          3264         405364          134
  135          3203         408567          135
  136          2434         411001          136
  137          2431         413432          137
  138          2428         415860          138
  139          2426         418286          139
  140           924         419210          140
  141             2         419212          141
  142             2         419214          142
  143             2         419216          143
  144             2         419218          144
  145             2         419220          145
  146             2         419222          146
  147             2         419224          147
  148             2         419226          148
  149             2         419228          149
  150           324         419552          150
  151             9         419561          151
  152             9         419570          152
  153             9         419579          153
  154             9         419588          154
  155             9         419597          155
  156             9         419606          156
  157           735         420341          157
  158             9         420350          158
  159             9         420359          159
  160             9         420368          160
  161             9         420377          161
  162             9         420386          162
  163             9         420395          163
  164           318         420713          164
  165             9         420722          165
  166             9         420731          166
  167             9         420740          167
  168             9         420749          168
  169             9         420758          169
  170             9         420767          170
  171           314         421081          171
  172             9         421090          172
  173             9         421099          173
  174             9         421108          174
  175             9         421117          175
  176             9         421126          176
  177             9         421135          177
  178           310         421445          178
  179             9         421454          179
  180             9         421463          180
  181             9         421472          181
  182             9         421481          182
  183             9         421490          183
  184             9         421499          184
  185           115         421614          185
  186         17263         438877          186
  187            13         438890          187
  188            13         438903          188
  189            13         438916          189
  190            13         438929          190
  191            13         438942          191
  192            13         438955          192
  193            13         438968          193
  194            13         438981          194
  195            13         438994          195
  196            13         439007          196
  197            13         439020          197
  198            13         439033          198
  199            13         439046          199
  200          3551         442597          200
  201            22         442619          201
  202            22         442641          202
  203            22         442663          203
  204            23         442686          204
  205            23         442709          205
  206            23         442732          206
  207            23         442755          207
  208            23         442778          208
  209            23         442801          209
  210            23         442824          210
  211            23         442847          211
  212            23         442870          212
  213            23         442893          213
  214            27         442920          214
  215            23         442943          215
  216            64         443007          216
  217            23         443030          217
  218            23         443053          218
  219           156         443209          219
  220            22         443231          220
  221            22         443253          221
  222            22         443275          222
  223            22         443297          223
  224            23         443320          224
  225            66         443386          225
  226            66         443452          226
  227            67         443519          227
  228            69         443588          228
  229            71         443659          229
  230            73         443732          230
  231            74         443806          231
  232            76         443882          232
  233            78         443960          233
  234            80         444040          234
  235            81         444121          235
  236            83         444204          236
  237            86         444290          237
  238            88         444378          238
  239            89         444467          239
  240            91         444558          240
  241            93         444651          241
  242            85         444736          242
  243            86         444822          243
  244            88         444910          244
  245            90         445000          245
  246           127         445127          246
  247            82         445209          247
  248            84         445293          248
  249            86         445379          249
  250           544         445923          250
  251         67393         513316        Image Gallery
  252         62788         576104          2
  253         39350         615454          3
  254         51686         667140          4
  255         39509         706649          5
  256         41582         748231          6
  257         15170         763401          7
  258             2         763403          8

Page                       Shape Bytes    Text Bytes
-----------------------    -----------    ----------
Main Scene                      341          2168
Image Gallery                  2316            39

Embedded Objects               1072             0

Page                       Symbol Bytes    Text Bytes
-----------------------    ------------    ----------
Symbol 175                        0             0
Symbol 174                        0             0
Symbol 173                        0             0
Tween 3                           0             0
Tween 1                           0             0
Home button                      77             0
Tween 18                         85             0
Image Gallery animated sphere        0             0
Image Gallery                   129            53
Fashion News                      0            51
Tween 14                          0             0
Symbol 92                        71             0
Symbol 91                       259             0
Symbol 90                       304             0
Symbol 89                       266             0
Symbol 88                       123             0
Symbol 87                       261             0
Symbol 86                        42             0
Symbol 85                       187             0
Symbol 84                       165             0
Symbol 83                       102             0
Symbol 82                       137             0
Symbol 81                       160             0
Symbol 80                       199             0
Symbol 79                       160             0
Symbol 78                       146             0
Symbol 77                       142             0
Symbol 76                       113             0
Symbol 75                       116             0
Symbol 74                       122             0
Symbol 73                       137             0
Symbol 72                       128             0
Symbol 71                       174             0
Symbol 70                       135             0
Symbol 69                       131             0
Symbol 68                       186             0
Tween 12                          0             0
Rose Fashion World                0           416
basa right large                123             0
basa right (small)                0             0
Tween 4                          86             0
Tween 2                         122             0
gel Left                        394             0
gel Right                        69             0

Bitmap                     Compressed    Compression
-----------------------    ----------  --------  -----------
00038_L.JPG                    15091      681984   Imported JPEG00081_L.JPG                    19247      681984   00012_L.JPG                    22192      672660   00053_L.JPG                    17764      681984   00052_L.JPG                    21630      681984   00001_L.JPG                    29934      677988   00020_L.JPG                    21636      676656   00074_L.JPG                    24192      676656   00003_L.JPG                    15042      676656   black classic.JPG              35490      934440   black.JPG                      27025      673992   00036_L.JPG                    32022      934440   =80
00006_L.JPG                    32159      934440   abstract90.gif                 17158       30200   
Arkadius2002.gif               24440       44880   
CLASSIC-BLACK.gif              18572      138528   
abstract.gif                   16758       30000   

Tweened Shapes: 1959 bytes

Event Sounds: 11KHz Mono 16 kbps MP3

Sound name                 Bytes        Format    
-----------------------    ---------    ----------
Smack                         951        11KHz Mono 16 kbps MP3
bikini[1].wav              279671        11KHz Mono 16 kbps MP3


Sound name                 Bytes        Format    
-----------------------    ---------    ----------
Arial                        2091         DFGHIKNZabdeghiklmnorsuwy©
ShelleyAndante BT            4213         !.AFORWabcdefhilmnorstuwy
